6.883937272190081280e-02
5.602416239985199553e-01
3.243537450218449414e-01
5.848447829111186325e-02
4.175517631427108078e-01
1.239023807567079666e-01
9.872933054100158090e-01
2.519612509135565337e-01
4.193340659262357467e-02
2.304127210724680463e-01
8.128857749990611170e-01
6.210078789622218431e-02
1.540195478206458635e-01
2.117166513048779342e-01
8.635066076855519857e-01
5.148282265251162559e-02
2.490627124570498341e-01
4.584875785217669697e-01
8.721957239096181924e-01
1.621044780415446251e-01
2.106486045220895831e-01
3.454002193711533386e-02
2.882705238518092350e-01
5.169235313706292967e-01
1.162629711705090024e-01
3.715151804920884260e-01
2.952958704905691012e-01
2.485324575056259769e-02
2.175873285120870360e-02
1.384153359172602404e-01
3.369385957066962922e-02
8.888053277546570374e-02
3.196613427152859843e-02
2.665703443298296782e-01
8.088768495802262093e-01
4.777425571715206432e-01
6.244027967651544914e-02
7.427454205485543026e-01
1.283801225900419729e-01
4.311938944833199755e-02
2.877462502924831300e-01
6.862624637447336529e-01
8.814429929952105613e-02
9.594477591390308813e-02
7.572640015444283002e-01
3.472130695899874886e-02
2.258390393794534601e-01
7.910966305587806280e-02
6.193535640963268585e-02
3.649412180473803891e-01
9.452745880556392422e-01
2.546063673622524504e-01
8.967044614478917319e-01
5.992444832232901586e-01
6.328756586138576390e-01
9.332731042839005342e-01
4.622048027975221851e-01
4.023340062650377358e-01
6.403028259088131557e-01
8.162532757289404639e-01
8.167173501458344642e-01
7.061522998874835144e-01
1.867620570345352171e-01
9.125370429465667899e-01
8.545579620364822659e-01
7.976761831496921307e-01
7.882652657760818027e-01
8.869606653396258089e-01
4.725732048558302090e-01
8.451869202898146805e-01
9.642785741984863934e-01
3.772555961944621949e-01
6.645312261205992277e-01
5.553966726827977984e-01
7.811332493201127436e-01
9.052159131313420870e-01
8.830093959024404304e-01
6.446565862441953065e-01
9.507066988048296086e-01
3.103460926138637554e-01
1.659922431925725528e-01
9.924846098399420224e-01
8.283642094570994319e-01
9.169060653881597744e-01
6.180552885921334338e-01
8.433156151845171422e-01
8.267252943901909346e-01
6.781729877784860028e-01
7.441550823592968378e-01
9.697712341815527548e-01
3.006864592199105513e-01
6.045700836567254877e-01
5.720228145250314533e-01
6.429795392108865748e-01
7.547487765921458980e-01
6.889427896822281072e-01
7.382742697227886453e-01
7.189431605869579522e-01
9.430509415648383742e-01
5.091865690887614759e-01
