1.848306893780240490e-01
1.192450720634081474e-01
1.189712929491869575e-01
1.211500653827105589e-01
9.467679615567088369e-01
9.174531328984788514e-01
3.078596142630969368e-01
9.128486165392992596e-03
2.257177104594695893e-01
1.869369193967629628e-01
1.696035565707870729e-01
1.180880901474081202e-01
8.282027591121144949e-01
9.060882433036177019e-02
8.550646715511770468e-01
3.836658433300592363e-02
2.879826077937053808e-01
1.517927009833681395e-01
2.689205888778688491e-01
6.145884920302762539e-02
1.429994316902478690e-01
2.214818521096807435e-01
1.207313504432913631e-01
4.368658930077153058e-02
2.179432525311121027e-01
2.188780971228497518e-01
3.747429602706340845e-01
9.524493890575798372e-02
9.641411146109167551e-02
1.135007819455974426e-01
4.103868992253471570e-01
5.778125545351324721e-01
6.733223636827458114e-02
1.820762115212608556e-01
7.256597699452750627e-02
2.904645814219324329e-01
3.636137762747833069e-01
2.802502511413158537e-01
1.026729874708120632e-01
1.749777607179146474e-02
2.265624627102294231e-01
6.747018088376012523e-02
2.002202322923616606e-01
3.132809662606834689e-01
8.817433075682971910e-02
2.200508297993057361e-01
2.528357819551936281e-01
3.614023538979869304e-02
1.414444893343289600e-01
1.551589317912078492e-01
9.328551289882011099e-01
7.366555390631304157e-01
7.835301566609522705e-01
8.623647513262205910e-01
5.896458689607453341e-01
8.485572502130920292e-01
9.129889411090915674e-01
6.715611693869892873e-01
6.505000945937835510e-01
9.569874909625067927e-01
8.985210274633921301e-01
4.193474059242895957e-01
9.779993334920199510e-01
6.778968996109349110e-01
5.147011927578277746e-01
9.799013148168054244e-01
9.536337851019002221e-01
8.127704321897628592e-01
9.030667569405494977e-01
4.248884043880194472e-01
6.252247593330086950e-01
4.761907478278691319e-01
3.454961967297792702e-01
9.851965884042056532e-01
2.578541695526705424e-01
8.494738723163918204e-01
8.250470913467062850e-01
7.255325389972319128e-01
8.268815094811064748e-02
7.655216678135737807e-01
7.584590954516279293e-01
8.919152259858219578e-01
8.956204013609359027e-01
9.635357530538807280e-01
7.657068368156244587e-01
9.554915251733808734e-01
9.957761445775151765e-01
4.074284287812935390e-01
9.813931154087277564e-01
8.999501103416945869e-01
7.374370200581814583e-01
4.914270057263269709e-01
5.685515870484442180e-01
8.607610299618263516e-01
2.179965721502824527e-01
9.490646173230830041e-01
8.922801692024198150e-01
6.728473112913669896e-01
8.266722101639308873e-01
9.794470916086714940e-01
