8.396099074005693164e-02
4.127506131280213042e-01
2.118138415882676318e-01
6.138781600988921228e-02
4.316266730587217659e-01
1.892570269076206957e-01
9.996471033274997309e-01
1.700264733916903304e-01
4.511091091750289023e-02
3.194429896767035371e-01
8.113734577545863580e-01
6.280253753723014087e-02
2.777023003686757696e-01
1.717374177767443666e-01
9.388513157262186049e-01
6.148366758643019486e-02
2.134283760221637738e-01
3.052354752119850745e-01
7.764669166337039297e-01
1.797219933012074722e-01
2.535064179192639822e-01
4.592969693777061019e-02
1.907941089187838724e-01
3.624254979113631370e-01
1.158886126602058225e-01
3.031953823959923633e-01
4.170653395719146062e-01
3.637180057760543844e-02
3.273440350448924424e-02
1.249485791808592761e-01
4.878128309328375045e-02
8.181788169090993545e-02
4.169834732821486173e-02
2.281200908001802807e-01
7.361942898834038518e-01
3.598773897086314233e-01
7.438577300510962331e-02
4.661307038966344130e-01
1.009626454773274451e-01
4.905243549376425011e-02
2.394363348509195577e-01
4.266588091268597172e-01
7.963293681457274398e-02
9.596712273594508458e-02
9.144053146997114245e-01
4.384061630836853796e-02
1.643833795588474367e-01
8.681412500463597803e-02
7.183042629132625756e-02
2.407197194415817421e-01
9.997968841278619401e-01
1.932358621495663675e-01
9.996726780668984125e-01
3.894842499353851628e-01
8.518302803675099621e-01
8.968089400920501442e-01
7.202636372547805976e-01
6.053397852176233274e-01
6.427816879279537599e-01
9.497267078584300526e-01
8.275723249931101755e-01
8.430901771259250443e-01
1.820365064800645583e-01
8.807285353894093172e-01
9.644564703113192028e-01
6.514063467095688731e-01
8.289096968910434349e-01
9.986066760986780366e-01
3.793511598067778601e-01
9.482484865042039024e-01
9.774228649707255023e-01
3.118143297039400186e-01
6.300726500475070102e-01
4.262048024927354573e-01
8.020829288767459264e-01
9.912825056456568973e-01
7.102169630668295763e-01
4.702117159648487310e-01
9.820102207214651546e-01
2.498741100772664259e-01
1.602631779724072725e-01
9.998600821162363372e-01
9.681659058291169906e-01
9.343372345463879514e-01
5.085332800328520308e-01
8.779975556290602334e-01
8.046738386639994411e-01
6.498004230440229678e-01
7.525048651662656907e-01
9.999454400036635882e-01
2.342820753667994305e-01
7.147078667621906689e-01
6.953248633766303533e-01
8.041779099457101454e-01
8.353959661113031787e-01
5.220606820015178950e-01
5.029780408475592601e-01
7.232917723998131265e-01
9.979435888635111995e-01
4.142531833578407263e-01
