1.850061018147109992e-01
1.220891519136091813e-01
1.207953423082023803e-01
1.228528337880494953e-01
9.455313504297186977e-01
9.166734913471461521e-01
3.093805237536296771e-01
9.363897341140134736e-03
2.275661269928866692e-01
1.893237086408287306e-01
1.697507014260959401e-01
1.204180514744437880e-01
8.265426719863361305e-01
9.179448785052329862e-02
8.516293111869948085e-01
3.987748247424260928e-02
2.916431483823304083e-01
1.510546923456743407e-01
2.708929252666425480e-01
6.273898433832762744e-02
1.450891836820406844e-01
2.209736894648251238e-01
1.217383551309485362e-01
4.458317919277073743e-02
2.213240359244903199e-01
2.223236235915998227e-01
3.786015217678925793e-01
9.806182032159123374e-02
9.845169579469909005e-02
1.150622721022837025e-01
4.122549140528400380e-01
5.835634559314805125e-01
7.014193927585513078e-02
1.849305633550668848e-01
7.391159558589023570e-02
2.900734799565184430e-01
3.640326225038184038e-01
2.808477579235246213e-01
1.038821343435602507e-01
1.818979970881866998e-02
2.285383851521440024e-01
6.810262445609530091e-02
2.028959830028720379e-01
3.156172871759501120e-01
8.910740904295101628e-02
2.237167691265813108e-01
2.562173019316844047e-01
3.696267956861498671e-02
1.410530397691955595e-01
1.568493185289994152e-01
9.317776604693315257e-01
7.358741388466966127e-01
7.833201215575245069e-01
8.592571967345208339e-01
5.865888580914200290e-01
8.450960321970458766e-01
9.096443381082129909e-01
6.675413967604366672e-01
6.507355678292580103e-01
9.565889524579805903e-01
8.961928821336798690e-01
4.227056106619204723e-01
9.773298104208228976e-01
6.752863327881875044e-01
5.098908073335226554e-01
9.794591772453206113e-01
9.524453441195454007e-01
8.125815221752193951e-01
9.021726534445470014e-01
4.216949886534316905e-01
6.252240669267016271e-01
4.783876155798190699e-01
3.509646944606773511e-01
9.847889426319451633e-01
2.575217835929816679e-01
8.466186516160818520e-01
8.244558167261283321e-01
7.249044035274228026e-01
8.391025734408752434e-02
7.632455544474877618e-01
7.534814543258386843e-01
8.903225501074631953e-01
8.931108640444369584e-01
9.624851834195392586e-01
7.666024524681468444e-01
9.547845535393911787e-01
9.955914298392265493e-01
4.095778038421102329e-01
9.809310488420953655e-01
8.975652674951407617e-01
7.353218129414098581e-01
4.907094940983597886e-01
5.643858929084545339e-01
8.609719825235337964e-01
2.190657364326068224e-01
9.477304721050947567e-01
8.910514422478452712e-01
6.731915860433194121e-01
8.274064959771739725e-01
9.787971870638573213e-01
