5.816475514274555697e-02
7.574238744704672559e-03
6.947718957110658386e-03
1.192524519083257468e-02
1.196966613462837475e-02
2.674122700618040971e-02
1.390290649534090504e-02
7.308216683059246942e-04
2.282442508472787290e-02
4.370245013621885770e-03
8.899056349855188897e-03
9.501545591663182119e-03
1.178784944911640160e-02
1.234263446631692247e-02
3.741482037134752706e-03
8.495511019785029205e-02
3.210552995613973407e-03
7.119645048375447711e-03
1.814136798366713932e-02
2.306925167131538244e-03
2.475132177617211850e-03
2.504604384546630855e-02
1.395031096683602839e-02
1.841025769830737999e-02
1.213304734379876690e-03
1.543170286654747207e-03
5.667283712292831011e-03
4.425929429273113558e-02
3.122222605422801320e-03
1.014638621294008947e-01
1.511299802169550899e-02
2.971079305497311644e-03
1.241742031747593376e-03
3.642161710115816506e-03
3.732923232223547133e-02
1.236020287756011554e-02
3.635966802130467801e-02
4.834787674263499313e-02
4.302044254890122557e-03
4.549582184095158320e-03
1.234270483862789577e-02
5.047379356597108020e-03
1.973699711637812246e-03
1.889577513599145428e-02
1.201905482601024755e-02
1.929443001752884426e-02
3.088715693775825107e-03
1.049493500115375412e-03
8.449664897862991381e-03
2.024866767609238283e-01
1.080057543238291742e-02
2.133860758051232473e-02
5.026708517110974224e-03
2.177714725281773914e-02
1.184716792979386736e-02
1.388971010011266251e-03
1.285847171709066789e-02
9.638800046180742709e-03
1.795566312132579681e-02
1.013395343142125399e-02
5.093633101501481887e-03
3.719063297651090724e-03
7.521180567724031554e-04
2.218366660154181547e-01
1.310557792432968383e-01
1.067382224365691079e-01
1.010401101175697897e-01
1.288048697706099532e-01
1.227393936680261227e-01
2.552165181194436250e-01
3.849768362963474355e-01
2.059336053021030843e-01
1.994664727399501625e-01
1.551586189661132431e-01
2.129034882194124068e-01
9.938749629306063704e-02
1.530822861820530512e-01
1.260389829003557005e-01
1.660620912034078411e-01
6.796235236595575546e-02
1.558376793258553772e-01
3.934158525189964117e-01
2.085081509690872303e-01
1.727004262324211281e-01
1.043927614471388543e-01
9.384314907937643668e-02
1.165656090967683994e-01
1.854697066956212947e-01
2.777881606818249360e-01
1.661354874002931581e-01
1.083343121532234360e-01
1.590968787601763912e-01
1.253376026393251408e-01
1.709932610001836384e-01
1.370670075795084875e-01
2.408816913896497658e-01
1.992519696636398663e-01
1.059396163358378301e-01
1.897011913214980139e-01
2.314337635113730418e-01
2.947329908852426850e-01
1.600602313363419515e-01
1.439324538021528599e-01
2.281123273553154474e-01
7.449207513404600134e-02
1.452243468639152768e-01
1.537684329813036599e-01
2.029756262567875558e-01
1.210093733854364084e-01
9.221004474288614638e-02
2.246566037287579531e-01
8.458778008222250788e-02
1.892561841183601212e-01
9.610246329755869898e-02
7.510048253459913892e-02
2.145565638896665406e-01
2.674465739933447050e-01
1.221572776343892580e-01
2.150496112631232470e-01
1.570479817894254448e-01
1.387589202017851520e-01
1.393369716398128455e-01
1.133596635992825535e-01
1.860397064876808115e-01
2.775816516935943334e-01
5.352404218257137553e-02
