1.850274376828950351e-01
1.221050140384813965e-01
1.208119266615874376e-01
1.228696664337490391e-01
9.455274994840702218e-01
9.166688341485166314e-01
3.094018380384329081e-01
9.366637595872594896e-03
2.275872029502253036e-01
1.893434390494891928e-01
1.697714611145066110e-01
1.204342027470160364e-01
8.265406222029455519e-01
9.180909726583132147e-02
8.516278001003088072e-01
3.988526598174957360e-02
2.916629709508535284e-01
1.510752391365718095e-01
2.709141930174515100e-01
6.275025363582796556e-02
1.451071579098666686e-01
2.209965168335277508e-01
1.217556600836165182e-01
4.459220449775696399e-02
2.213437888310513801e-01
2.223433428083962382e-01
3.786193216773023895e-01
9.807571522639996209e-02
9.846625508039162644e-02
1.150786277026332183e-01
4.122730526899208714e-01
5.835694361683121389e-01
7.015288680341187633e-02
1.849497706783195250e-01
7.392417363351029558e-02
2.900965209777562892e-01
3.640535956906928994e-01
2.808700801500078614e-01
1.038978435876745238e-01
1.819422602990318147e-02
2.285593747386422125e-01
6.811508271204264053e-02
2.029158873042313238e-01
3.156378612089255076e-01
8.912195358074727347e-02
2.237363368165853350e-01
2.562374338380608574e-01
3.697054196008930926e-02
1.410727414460820339e-01
1.568682494842066899e-01
9.317733772770978584e-01
7.358758795964372990e-01
7.833188596482871802e-01
8.592551994835868623e-01
5.866015897648700905e-01
8.450947498411293113e-01
9.096417418782107855e-01
6.675498203858750701e-01
6.507416797073409809e-01
9.565848284627257447e-01
8.961895408075106761e-01
4.227221406456975195e-01
9.773271670414740431e-01
6.752931577304140953e-01
5.099094601923064296e-01
9.794565323183288541e-01
9.524416859330692153e-01
8.125788819714026001e-01
9.021681151207744387e-01
4.217167272573546510e-01
6.252319708375051466e-01
4.784024347895560192e-01
3.509820341699024238e-01
9.847867870726175754e-01
2.575448601037577667e-01
8.466168333953771885e-01
8.244530022578080430e-01
7.249066578311256226e-01
8.392403732614193979e-02
7.632469632348417576e-01
7.534855425963782327e-01
8.903186883172561350e-01
8.931077023027411688e-01
9.624818635516571019e-01
7.666011773308872845e-01
9.547805999963503432e-01
9.955905527150035184e-01
4.095958274034837143e-01
9.809285535685094981e-01
8.975619585836248637e-01
7.353246406380451461e-01
4.907259648131974683e-01
5.644008601217447296e-01
8.609672986116526650e-01
2.190872833981834245e-01
9.477267673318992003e-01
8.910472805473027558e-01
6.731962072305691658e-01
8.274025206177251235e-01
9.787946522198076593e-01
