8.398445301254973960e-02
4.127541460193066003e-01
2.118325762920365285e-01
6.140632658559617985e-02
4.316455214715604893e-01
1.892942074234172101e-01
9.996469743974913946e-01
1.700473929645434368e-01
4.512626482242446113e-02
3.194792895568286384e-01
8.113575838780402449e-01
6.282105339331794935e-02
2.777462039156017859e-01
1.717619727123904927e-01
9.388435830438053298e-01
6.150304137539325255e-02
2.134538872381545604e-01
3.052471294281178249e-01
7.764402312034899278e-01
1.797526908560580505e-01
2.535399019227290718e-01
4.594627050991854228e-02
1.908141014856515882e-01
3.624328294094741332e-01
1.159138006720250580e-01
3.032151215298060642e-01
4.170979182436964638e-01
3.638626964031410616e-02
3.274791197997330150e-02
1.249731828155966756e-01
4.879898247395232647e-02
8.183854775408846982e-02
4.171377461696868655e-02
2.281452302548933331e-01
7.361740734534637509e-01
3.598885555586446849e-01
7.440748181197680278e-02
4.661128850898266229e-01
1.009837566345333087e-01
4.906894632828955050e-02
2.394603531197713464e-01
4.266482908402366436e-01
7.965315477111746534e-02
9.599031626143825213e-02
9.144005008388170763e-01
4.385643127602632807e-02
1.644058204573680404e-01
8.683705290996474035e-02
7.185149068785504078e-02
2.407369251395735377e-01
9.997968435036365120e-01
1.932589176396873609e-01
9.996726356173979422e-01
3.894834602298005710e-01
8.518299748042543751e-01
8.967882101361672742e-01
7.202770052116831412e-01
6.053609871904179762e-01
6.427783804802784662e-01
9.497221608309722729e-01
8.275572507841089109e-01
8.430850763231906297e-01
1.820647893173839849e-01
8.807081823653133412e-01
9.644522683883266501e-01
6.513837672250397670e-01
8.288974604742508356e-01
9.986064958548218629e-01
3.793632400756576928e-01
9.482427164851507939e-01
9.774166251442364395e-01
3.118338784451569756e-01
6.300665260277850122e-01
4.262089816594862302e-01
8.020697426109019146e-01
9.912810870252339868e-01
7.101825687703491319e-01
4.702063268087831593e-01
9.820058928960084810e-01
2.498967402288724549e-01
1.602906553566028625e-01
9.998600239745459861e-01
9.681628043660651661e-01
9.343252745053094444e-01
5.085312207326925238e-01
8.779843884335208903e-01
8.046559063245982690e-01
6.497930777097038479e-01
7.524930899331453427e-01
9.999454259925324440e-01
2.343044986962889431e-01
7.147087536904055405e-01
6.953286951100374758e-01
8.041764001666863448e-01
8.353869574342572824e-01
5.220503232668678439e-01
5.029610358118373759e-01
7.232816541655159304e-01
9.979431526639084282e-01
4.142620779351064431e-01
